Team Name,Batter Name,,AB,Runs,Hits,RBI,2B,3B,HR,W,K,RE,SF,SB,CS,Bunting,Stealing,Running,Hit Run,LRS,P,C,1B,2B,SS,3B,LF,CF,RF,ChB,ChL,ChR,AVG,SLG,OBP,Games,HBP,Ch1B,Ch2B,Ch3B,ChHR,ChW,ChDP,Ch1BL,Ch2BL,Ch3BL,ChHRL,ChWL,ChDPL,Ch1BR,Ch2BR,Ch3BR,ChHRR,ChWR,ChDPR,ER1,ER2,ER3,ER4,ER5,ER6,ER7,ER8,ER9,T Rating,Passball,Power Left,Power Right,Outfield Arm,Catcher Arm
1997 SanLouis                           ,Sheaffer, Danny               ,14,1,3,0,0,0,0,1,0,0,0,0,0,B,E,11,C,R,0,4,0,5,0,3,4,0,4,26.7  ,23    ,34.9  ,0.214,0.214,0.267,4,0,0     ,0     ,0     ,0     ,0     ,0     ,0     ,0     ,0     ,0     ,0     ,0     ,0     ,0     ,0     ,0     ,0     ,0     ,0,0,0,0,0,0,0,0,0,0,0,N,N,-6,-4
1997 SanLouis                           ,Gant, Ron                     ,0,0,0,0,0,0,0,0,0,0,0,0,0,D,B,13,D,R,0,0,0,0,0,0,4,0,4,29.5  ,24.35 ,33.1  ,0.000,0.000,0.000,0,0,0     ,0     ,0     ,0     ,0     ,0     ,0     ,0     ,0     ,0     ,0     ,0     ,0     ,0     ,0     ,0     ,0     ,0     ,0,0,0,0,0,0,0,0,0,0,0,N,N,-6,-4
1997 SanLouis                           ,Snow, J.T.                    ,29,6,9,5,3,0,1,3,5,0,0,0,0,D,C,11,C,S,0,0,1,0,0,0,0,0,0,45.5  ,26.65 ,49.75 ,0.310,0.517,0.375,6,0,0     ,0     ,0     ,0     ,0     ,0     ,0     ,0     ,0     ,0     ,0     ,0     ,0     ,0     ,0     ,0     ,0     ,0     ,0,0,0,0,0,0,0,0,0,0,0,N,N,-6,-4
1997 SanLouis                           ,Clayton, Royce                ,26,2,6,1,2,0,0,0,2,0,0,1,0,C,A,15,C,R,0,0,0,0,2,0,0,0,0,28.5  ,26.75 ,31.75 ,0.231,0.308,0.259,6,0,0     ,0     ,0     ,0     ,0     ,0     ,0     ,0     ,0     ,0     ,0     ,0     ,0     ,0     ,0     ,0     ,0     ,0     ,0,0,0,0,0,0,0,0,0,0,0,N,N,-6,-4
1997 SanLouis                           ,Mabry, John                   ,25,4,7,4,1,1,0,2,6,1,0,0,0,D,E,11,D,L,0,0,3,0,0,5,3,4,3,35.8  ,27    ,38.9  ,0.280,0.400,0.357,6,0,0     ,0     ,0     ,0     ,0     ,0     ,0     ,0     ,0     ,0     ,0     ,0     ,0     ,0     ,0     ,0     ,0     ,0     ,0,0,0,0,0,0,0,0,0,0,0,N,N,-6,-4
1997 SanLouis                           ,Johnson, Brian                ,19,3,8,8,1,0,2,0,1,0,0,0,0,B,E,9,B,R,0,4,4,0,0,0,0,0,0,30.4  ,28.15 ,33.55 ,0.421,0.789,0.421,4,0,0     ,0     ,0     ,0     ,0     ,0     ,0     ,0     ,0     ,0     ,0     ,0     ,0     ,0     ,0     ,0     ,0     ,0     ,0,0,0,0,0,0,0,0,0,0,0,N,N,-6,-4
1997 SanLouis                           ,Kent, Jeff                    ,10,1,3,1,1,0,0,3,3,0,0,0,0,D,B,13,C,R,0,0,3,3,0,0,0,0,0,28.25 ,30.9  ,34.35 ,0.300,0.400,0.462,3,0,0     ,0     ,0     ,0     ,0     ,0     ,0     ,0     ,0     ,0     ,0     ,0     ,0     ,0     ,0     ,0     ,0     ,0     ,0,0,0,0,0,0,0,0,0,0,0,N,N,-6,-4
1997 SanLouis                           ,Hill, Glenallen               ,0,0,0,0,0,0,0,0,0,0,0,0,0,D,C,13,C,R,0,0,0,0,0,0,0,0,0,27.4  ,31    ,29.2  ,0.000,0.000,0.000,0,0,0     ,0     ,0     ,0     ,0     ,0     ,0     ,0     ,0     ,0     ,0     ,0     ,0     ,0     ,0     ,0     ,0     ,0     ,0,0,0,0,0,0,0,0,0,0,0,N,N,-6,-4
1997 SanLouis                           ,Young, Dmitri                 ,0,1,0,0,0,0,0,0,0,0,0,0,0,D,C,12,B,S,0,0,4,0,0,0,4,0,4,34.45 ,32.25 ,34.75 ,0.000,0.000,0.000,1,0,0     ,0     ,0     ,0     ,0     ,0     ,0     ,0     ,0     ,0     ,0     ,0     ,0     ,0     ,0     ,0     ,0     ,0     ,0,0,0,0,0,0,0,0,0,0,0,N,N,-6,-4
1997 SanLouis                           ,Lampkin, Tom                  ,5,0,0,0,0,0,0,0,1,0,0,0,0,C,D,10,C,L,0,3,0,0,0,0,0,0,0,31.1  ,32.3  ,33.15 ,0.000,0.000,0.000,1,0,0     ,0     ,0     ,0     ,0     ,0     ,0     ,0     ,0     ,0     ,0     ,0     ,0     ,0     ,0     ,0     ,0     ,0     ,0,0,0,0,0,0,0,0,0,0,0,N,N,-6,-4
1997 SanLouis                           ,Hamilton, Darryl              ,9,1,1,1,1,0,0,0,3,0,0,0,0,B,B,16,C,L,0,0,0,0,0,0,0,2,0,40.3  ,32.3  ,40.6  ,0.111,0.222,0.111,2,0,0     ,0     ,0     ,0     ,0     ,0     ,0     ,0     ,0     ,0     ,0     ,0     ,0     ,0     ,0     ,0     ,0     ,0     ,0,0,0,0,0,0,0,0,0,0,0,N,N,-6,-4
1997 SanLouis                           ,Benard, Marvin                ,0,0,0,0,0,0,0,0,0,0,0,0,0,C,C,15,D,L,0,0,0,0,0,0,3,3,3,30.2  ,33.5  ,31.4  ,0.000,0.000,0.000,0,0,0     ,0     ,0     ,0     ,0     ,0     ,0     ,0     ,0     ,0     ,0     ,0     ,0     ,0     ,0     ,0     ,0     ,0     ,0,0,0,0,0,0,0,0,0,0,0,N,N,-6,-4
1997 SanLouis                           ,McGee, Willie                 ,0,0,0,0,0,0,0,0,0,0,0,0,0,D,B,14,C,S,0,0,0,0,0,0,3,3,3,37.5  ,34    ,38.25 ,0.000,0.000,0.000,0,0,0     ,0     ,0     ,0     ,0     ,0     ,0     ,0     ,0     ,0     ,0     ,0     ,0     ,0     ,0     ,0     ,0     ,0     ,0,0,0,0,0,0,0,0,0,0,0,N,N,-6,-4
1997 SanLouis                           ,Vizcaino, Jose                ,5,0,2,1,0,0,0,0,0,0,0,0,0,A,C,13,B,S,0,0,0,2,2,0,0,0,0,33    ,34.2  ,31.4  ,0.400,0.400,0.400,1,0,0     ,0     ,0     ,0     ,0     ,0     ,0     ,0     ,0     ,0     ,0     ,0     ,0     ,0     ,0     ,0     ,0     ,0     ,0,0,0,0,0,0,0,0,0,0,0,N,N,-6,-4
1997 SanLouis                           ,Lewis, Mark                   ,0,0,0,0,0,0,0,0,0,0,0,0,0,D,D,11,D,R,0,0,0,4,0,4,0,0,0,30.3  ,36.5  ,30.5  ,0.000,0.000,0.000,0,0,0     ,0     ,0     ,0     ,0     ,0     ,0     ,0     ,0     ,0     ,0     ,0     ,0     ,0     ,0     ,0     ,0     ,0     ,0,0,0,0,0,0,0,0,0,0,0,N,N,-6,-4
1997 SanLouis                           ,Javier, Stan                  ,23,4,8,8,1,0,0,2,2,0,0,2,1,C,A,15,C,S,0,0,4,0,0,0,2,3,2,42.75 ,37.8  ,44.9  ,0.348,0.391,0.444,5,0,0     ,0     ,0     ,0     ,0     ,0     ,0     ,0     ,0     ,0     ,0     ,0     ,0     ,0     ,0     ,0     ,0     ,0     ,0,0,0,0,0,0,0,0,0,0,0,N,N,-6,-4
1997 SanLouis                           ,Aurilia, Rich                 ,8,1,1,1,0,0,1,0,0,1,0,0,0,C,E,13,B,R,0,0,0,0,3,0,0,0,0,34.2  ,38.2  ,32.1  ,0.125,0.500,0.222,2,0,0     ,0     ,0     ,0     ,0     ,0     ,0     ,0     ,0     ,0     ,0     ,0     ,0     ,0     ,0     ,0     ,0     ,0     ,0,0,0,0,0,0,0,0,0,0,0,N,N,-6,-4
1997 SanLouis                           ,DeShields, Delino             ,25,3,10,5,1,1,0,1,1,0,0,2,0,A,2,17,C,L,0,0,0,3,0,0,0,0,0,40.2  ,39.4  ,39.6  ,0.400,0.520,0.464,6,0,0     ,0     ,0     ,0     ,0     ,0     ,0     ,0     ,0     ,0     ,0     ,0     ,0     ,0     ,0     ,0     ,0     ,0     ,0,0,0,0,0,0,0,0,0,0,0,N,N,-6,-4
1997 SanLouis                           ,Gaetti, Gary                  ,4,1,1,1,0,0,0,1,0,0,0,0,0,C,C,10,C,R,0,0,4,0,0,2,0,0,0,27.7  ,39.7  ,28.6  ,0.250,0.250,0.400,1,0,0     ,0     ,0     ,0     ,0     ,0     ,0     ,0     ,0     ,0     ,0     ,0     ,0     ,0     ,0     ,0     ,0     ,0     ,0,0,0,0,0,0,0,0,0,0,0,N,N,-6,-4
1997 SanLouis                           ,Jordan, Brian                 ,6,0,0,0,0,0,0,0,1,0,0,0,0,D,B,13,C,R,0,0,0,0,0,0,0,3,0,23.5  ,39.75 ,28.8  ,0.000,0.000,0.000,1,0,0     ,0     ,0     ,0     ,0     ,0     ,0     ,0     ,0     ,0     ,0     ,0     ,0     ,0     ,0     ,0     ,0     ,0     ,0,0,0,0,0,0,0,0,0,0,0,N,N,-6,-4
1997 SanLouis                           ,Powell, Dante                 ,30,7,12,2,1,0,1,7,6,0,0,1,1,C,D,16,D,R,0,0,0,0,0,0,0,3,0,44.25 ,41.85 ,48    ,0.400,0.533,0.526,7,0,0     ,0     ,0     ,0     ,0     ,0     ,0     ,0     ,0     ,0     ,0     ,0     ,0     ,0     ,0     ,0     ,0     ,0     ,0,0,0,0,0,0,0,0,0,0,0,N,N,-6,-4
1997 SanLouis                           ,Lankford, Ray                 ,29,4,6,4,1,0,0,7,13,0,0,2,1,D,A,15,C,L,0,0,0,0,0,0,0,2,0,51    ,42.6  ,52.4  ,0.207,0.241,0.395,7,0,0     ,0     ,0     ,0     ,0     ,0     ,0     ,0     ,0     ,0     ,0     ,0     ,0     ,0     ,0     ,0     ,0     ,0     ,0,0,0,0,0,0,0,0,0,0,0,N,N,-6,-4
1997 SanLouis                           ,Mueller, Bill                 ,26,5,8,2,2,1,0,6,5,0,0,0,0,B,C,14,C,S,0,0,0,0,0,2,0,0,0,43.25 ,43.65 ,42.75 ,0.308,0.462,0.438,7,0,0     ,0     ,0     ,0     ,0     ,0     ,0     ,0     ,0     ,0     ,0     ,0     ,0     ,0     ,0     ,0     ,0     ,0     ,0,0,0,0,0,0,0,0,0,0,0,N,N,-6,-4
1997 SanLouis                           ,McGwire, Mark                 ,27,11,10,6,3,0,3,8,9,3,0,0,0,D,D,8,D,R,0,0,2,0,0,0,0,0,0,44.05 ,53.05 ,46.1  ,0.370,0.815,0.553,7,0,0     ,0     ,0     ,0     ,0     ,0     ,0     ,0     ,0     ,0     ,0     ,0     ,0     ,0     ,0     ,0     ,0     ,0     ,0,0,0,0,0,0,0,0,0,0,0,N,N,-6,-4
1997 SanLouis                           ,Bonds, Barry                  ,19,5,6,5,1,0,2,4,2,0,0,1,0,D,2,17,C,L,0,0,0,0,0,0,1,0,1,53.1  ,54.65 ,53.45 ,0.316,0.684,0.458,5,0,0     ,0     ,0     ,0     ,0     ,0     ,0     ,0     ,0     ,0     ,0     ,0     ,0     ,0     ,0     ,0     ,0     ,0     ,0,0,0,0,0,0,0,0,0,0,0,N,N,-6,-4
