Team Name,Batter Name,,AB,Runs,Hits,RBI,2B,3B,HR,W,K,RE,SF,SB,CS,Bunting,Stealing,Running,Hit Run,LRS,P,C,1B,2B,SS,3B,LF,CF,RF,ChB,ChL,ChR,AVG,SLG,OBP,Games,HBP,Ch1B,Ch2B,Ch3B,ChHR,ChW,ChDP,Ch1BL,Ch2BL,Ch3BL,ChHRL,ChWL,ChDPL,Ch1BR,Ch2BR,Ch3BR,ChHRR,ChWR,ChDPR,ER1,ER2,ER3,ER4,ER5,ER6,ER7,ER8,ER9,T Rating,Passball,Power Left,Power Right,Outfield Arm,Catcher Arm
1997 Baltland                           ,Lennon, Patrick               ,18,0,4,0,2,0,0,1,10,0,0,0,0,D,E,13,D,R,0,0,0,0,0,0,3,4,3,44.2  ,55.5  ,18.4  ,0.222,0.333,0.263,4,0,0     ,0     ,0     ,0     ,0     ,0     ,0     ,0     ,0     ,0     ,0     ,0     ,0     ,0     ,0     ,0     ,0     ,0     ,0,0,0,0,0,0,0,0,0,0,0,N,N,-6,-4
1997 Baltland                           ,Hammonds, Jeffrey             ,4,0,1,1,0,0,0,0,1,0,0,0,0,D,B,16,C,R,0,0,0,0,0,0,3,3,3,31    ,36.05 ,32.7  ,0.250,0.250,0.250,1,0,0     ,0     ,0     ,0     ,0     ,0     ,0     ,0     ,0     ,0     ,0     ,0     ,0     ,0     ,0     ,0     ,0     ,0     ,0,0,0,0,0,0,0,0,0,0,0,N,N,-6,-4
1997 Baltland                           ,Bellhorn, Mark                ,6,0,1,0,0,0,0,1,2,0,0,0,0,B,B,13,D,S,0,0,0,4,4,3,0,0,0,33.2  ,29.95 ,32.9  ,0.167,0.167,0.286,2,0,0     ,0     ,0     ,0     ,0     ,0     ,0     ,0     ,0     ,0     ,0     ,0     ,0     ,0     ,0     ,0     ,0     ,0     ,0,0,0,0,0,0,0,0,0,0,0,N,N,-6,-4
1997 Baltland                           ,Surhoff, B.J.                 ,8,1,3,1,2,0,0,1,1,0,0,0,0,C,E,12,C,L,0,0,4,0,0,4,3,0,3,33.4  ,35.5  ,33.35 ,0.375,0.625,0.444,2,0,0     ,0     ,0     ,0     ,0     ,0     ,0     ,0     ,0     ,0     ,0     ,0     ,0     ,0     ,0     ,0     ,0     ,0     ,0,0,0,0,0,0,0,0,0,0,0,N,N,-6,-4
1997 Baltland                           ,Canseco, Jose                 ,0,0,0,0,0,0,0,0,0,0,0,0,0,D,C,10,D,R,0,0,0,0,0,0,5,0,5,32.2  ,33.85 ,35.8  ,0.000,0.000,0.000,0,0,0     ,0     ,0     ,0     ,0     ,0     ,0     ,0     ,0     ,0     ,0     ,0     ,0     ,0     ,0     ,0     ,0     ,0     ,0,0,0,0,0,0,0,0,0,0,0,N,N,-6,-4
1997 Baltland                           ,Reboulet, Jeff                ,0,0,0,0,0,0,0,0,0,0,0,0,0,A,C,12,C,R,0,0,0,3,4,3,0,0,0,29.4  ,24.5  ,36.2  ,0.000,0.000,0.000,0,0,0     ,0     ,0     ,0     ,0     ,0     ,0     ,0     ,0     ,0     ,0     ,0     ,0     ,0     ,0     ,0     ,0     ,0     ,0,0,0,0,0,0,0,0,0,0,0,N,N,-6,-4
1997 Baltland                           ,Mayne, Brent                  ,10,1,1,2,0,0,1,0,2,1,0,0,0,C,E,9,C,L,0,3,0,0,0,0,0,0,0,34.6  ,30.6  ,36.95 ,0.100,0.400,0.182,3,0,0     ,0     ,0     ,0     ,0     ,0     ,0     ,0     ,0     ,0     ,0     ,0     ,0     ,0     ,0     ,0     ,0     ,0     ,0,0,0,0,0,0,0,0,0,0,0,N,N,-6,-4
1997 Baltland                           ,McDonald, Jason               ,22,1,5,5,1,0,0,5,5,0,0,2,1,B,B,16,D,S,0,0,0,0,0,0,2,3,2,40.6  ,48.4  ,37.35 ,0.227,0.273,0.414,6,0,0     ,0     ,0     ,0     ,0     ,0     ,0     ,0     ,0     ,0     ,0     ,0     ,0     ,0     ,0     ,0     ,0     ,0     ,0,0,0,0,0,0,0,0,0,0,0,N,N,-6,-4
1997 Baltland                           ,Ripken, Cal                   ,20,4,6,2,1,0,2,3,3,0,0,0,0,D,E,10,B,R,0,0,0,0,3,3,0,0,0,33.8  ,33.4  ,37.4  ,0.300,0.650,0.391,6,0,0     ,0     ,0     ,0     ,0     ,0     ,0     ,0     ,0     ,0     ,0     ,0     ,0     ,0     ,0     ,0     ,0     ,0     ,0,0,0,0,0,0,0,0,0,0,0,N,N,-6,-4
1997 Baltland                           ,Davis, Eric                   ,5,0,1,2,1,0,0,1,3,0,0,1,0,D,B,14,D,R,0,0,0,0,0,0,0,0,0,40.5  ,50.1  ,37.8  ,0.200,0.400,0.429,2,0,0     ,0     ,0     ,0     ,0     ,0     ,0     ,0     ,0     ,0     ,0     ,0     ,0     ,0     ,0     ,0     ,0     ,0     ,0,0,0,0,0,0,0,0,0,0,0,N,N,-6,-4
1997 Baltland                           ,Giambi, Jason                 ,16,2,5,5,0,1,1,1,4,0,0,0,0,D,E,11,C,L,0,0,3,0,0,0,5,0,5,39.8  ,46    ,38.4  ,0.313,0.625,0.353,4,0,0     ,0     ,0     ,0     ,0     ,0     ,0     ,0     ,0     ,0     ,0     ,0     ,0     ,0     ,0     ,0     ,0     ,0     ,0,0,0,0,0,0,0,0,0,0,0,N,N,-6,-4
1997 Baltland                           ,Palmerio, Rafael              ,8,3,3,1,1,0,1,0,3,0,0,0,0,D,D,12,C,L,0,0,2,0,0,0,0,0,0,32.1  ,21.95 ,38.95 ,0.375,0.875,0.375,2,0,0     ,0     ,0     ,0     ,0     ,0     ,0     ,0     ,0     ,0     ,0     ,0     ,0     ,0     ,0     ,0     ,0     ,0     ,0,0,0,0,0,0,0,0,0,0,0,N,N,-6,-4
1997 Baltland                           ,Berroa, Geronimo              ,17,6,6,0,1,0,0,2,2,1,0,1,0,D,D,12,D,R,0,0,0,0,0,0,0,0,0,41.4  ,54.4  ,41    ,0.353,0.412,0.476,4,0,0     ,0     ,0     ,0     ,0     ,0     ,0     ,0     ,0     ,0     ,0     ,0     ,0     ,0     ,0     ,0     ,0     ,0     ,0,0,0,0,0,0,0,0,0,0,0,N,N,-6,-4
1997 Baltland                           ,Bournigal, Rafael             ,15,1,4,3,1,0,0,2,3,0,0,0,0,A,D,13,B,R,0,0,0,2,3,0,0,0,0,32.8  ,27.5  ,41.2  ,0.267,0.333,0.353,4,0,0     ,0     ,0     ,0     ,0     ,0     ,0     ,0     ,0     ,0     ,0     ,0     ,0     ,0     ,0     ,0     ,0     ,0     ,0,0,0,0,0,0,0,0,0,0,0,N,N,-6,-4
1997 Baltland                           ,Mashore, Damon                ,33,4,5,3,1,0,1,5,7,0,0,0,0,B,C,14,C,R,0,0,0,0,0,0,2,3,2,40.6  ,52.05 ,42.15 ,0.152,0.273,0.263,9,0,0     ,0     ,0     ,0     ,0     ,0     ,0     ,0     ,0     ,0     ,0     ,0     ,0     ,0     ,0     ,0     ,0     ,0     ,0,0,0,0,0,0,0,0,0,0,0,N,N,-6,-4
1997 Baltland                           ,Baines, Harold                ,12,2,5,2,2,0,1,2,1,0,0,0,0,D,E,8,C,L,0,0,0,0,0,0,0,0,0,41.2  ,28.7  ,42.55 ,0.417,0.833,0.500,3,0,0     ,0     ,0     ,0     ,0     ,0     ,0     ,0     ,0     ,0     ,0     ,0     ,0     ,0     ,0     ,0     ,0     ,0     ,0,0,0,0,0,0,0,0,0,0,0,N,N,-6,-4
1997 Baltland                           ,Walton, Jerome                ,12,2,5,4,0,0,0,0,1,0,0,0,0,C,E,12,C,R,0,0,4,0,0,0,3,3,3,34.8  ,29.85 ,43.25 ,0.417,0.417,0.417,4,0,0     ,0     ,0     ,0     ,0     ,0     ,0     ,0     ,0     ,0     ,0     ,0     ,0     ,0     ,0     ,0     ,0     ,0     ,0,0,0,0,0,0,0,0,0,0,0,N,N,-6,-4
1997 Baltland                           ,Grieve, Ben                   ,20,4,7,3,1,0,1,3,8,0,0,0,0,D,E,12,C,L,0,0,0,0,0,0,0,0,0,47    ,50.1  ,44.3  ,0.350,0.550,0.435,5,0,0     ,0     ,0     ,0     ,0     ,0     ,0     ,0     ,0     ,0     ,0     ,0     ,0     ,0     ,0     ,0     ,0     ,0     ,0,0,0,0,0,0,0,0,0,0,0,N,N,-6,-4
1997 Baltland                           ,Hoiles, Chris                 ,30,3,6,4,3,0,1,8,9,1,0,0,0,D,E,9,D,R,0,3,4,0,0,5,0,0,0,39.8  ,45.2  ,44.7  ,0.200,0.400,0.385,10,0,0     ,0     ,0     ,0     ,0     ,0     ,0     ,0     ,0     ,0     ,0     ,0     ,0     ,0     ,0     ,0     ,0     ,0     ,0,0,0,0,0,0,0,0,0,0,0,N,N,-6,-4
1997 Baltland                           ,Anderson, Brady               ,23,4,6,3,2,0,0,1,1,2,0,0,0,C,B,16,C,L,0,0,0,0,0,0,0,1,0,43    ,44.2  ,46.4  ,0.261,0.348,0.346,5,0,0     ,0     ,0     ,0     ,0     ,0     ,0     ,0     ,0     ,0     ,0     ,0     ,0     ,0     ,0     ,0     ,0     ,0     ,0,0,0,0,0,0,0,0,0,0,0,N,N,-6,-4
1997 Baltland                           ,Stairs, Matt                  ,28,3,6,2,1,0,0,1,5,0,0,0,0,C,D,10,C,L,0,0,4,0,0,0,4,0,4,45.75 ,40.35 ,48    ,0.214,0.250,0.241,7,0,0     ,0     ,0     ,0     ,0     ,0     ,0     ,0     ,0     ,0     ,0     ,0     ,0     ,0     ,0     ,0     ,0     ,0     ,0,0,0,0,0,0,0,0,0,0,0,N,N,-6,-4
1997 Baltland                           ,Williams, George              ,37,10,13,8,0,0,3,5,9,0,0,0,0,C,E,10,C,S,0,4,0,0,0,0,0,0,0,48.5  ,48.1  ,48.7  ,0.351,0.595,0.429,10,0,0     ,0     ,0     ,0     ,0     ,0     ,0     ,0     ,0     ,0     ,0     ,0     ,0     ,0     ,0     ,0     ,0     ,0     ,0,0,0,0,0,0,0,0,0,0,0,N,N,-6,-4
1997 Baltland                           ,Magadan, Dave                 ,19,2,7,3,0,0,1,1,5,0,0,0,0,C,E,8,B,L,0,0,4,0,0,4,0,0,0,51.7  ,34    ,54    ,0.368,0.526,0.400,4,0,0     ,0     ,0     ,0     ,0     ,0     ,0     ,0     ,0     ,0     ,0     ,0     ,0     ,0     ,0     ,0     ,0     ,0     ,0,0,0,0,0,0,0,0,0,0,0,N,N,-6,-4
1997 Baltland                           ,Alomar, Roberto               ,22,5,6,4,1,0,1,3,5,1,0,0,0,A,B,15,B,S,0,0,0,1,0,0,0,0,0,47    ,30.5  ,53.55 ,0.273,0.455,0.385,6,0,0     ,0     ,0     ,0     ,0     ,0     ,0     ,0     ,0     ,0     ,0     ,0     ,0     ,0     ,0     ,0     ,0     ,0     ,0,0,0,0,0,0,0,0,0,0,0,N,N,-6,-4
1997 Baltland                           ,Ledesma, Aaron                ,33,5,12,3,2,0,0,4,5,2,0,0,0,D,D,12,C,R,0,0,4,3,4,4,0,0,0,46.2  ,57.1  ,59.75 ,0.364,0.424,0.462,8,0,0     ,0     ,0     ,0     ,0     ,0     ,0     ,0     ,0     ,0     ,0     ,0     ,0     ,0     ,0     ,0     ,0     ,0     ,0,0,0,0,0,0,0,0,0,0,0,N,N,-6,-4
