Team Name,Batter Name,,AB,Runs,Hits,RBI,2B,3B,HR,W,K,RE,SF,SB,CS,Bunting,Stealing,Running,Hit Run,LRS,P,C,1B,2B,SS,3B,LF,CF,RF,ChB,ChL,ChR,AVG,SLG,OBP
1997 Yorkcity                           ,Hayes, Charlie                ,353,0,91,53,16,0,11,40,66,0,0,3,2,3,5,5,3,1,0,0,0,4,0,3,0,0,0,34.25 ,47.5  ,28.7  ,0.258,0.397,0.338
1997 Yorkcity                           ,Offerman, Jose                ,424,0,126,39,23,6,2,41,64,0,0,9,10,1,5,10,2,2,0,0,0,3,0,0,0,0,0,39.2  ,49.65 ,33.3  ,0.297,0.394,0.371
1997 Yorkcity                           ,King, Jeff                    ,543,0,129,112,30,1,28,89,96,0,0,16,5,2,3,9,2,1,0,0,2,0,0,0,0,0,0,36.6  ,46.8  ,34.65 ,0.238,0.451,0.361
1997 Yorkcity                           ,Damon, Johnny                 ,472,0,130,48,12,8,8,42,70,0,0,16,10,1,3,11,2,0,0,0,0,0,0,0,2,2,2,34.65 ,28.75 ,36    ,0.275,0.386,0.355
1997 Yorkcity                           ,Vitiello, Joe                 ,130,0,31,18,6,0,5,14,37,0,0,0,0,3,6,4,3,1,0,0,4,0,0,0,5,0,5,28.9  ,29    ,36.45 ,0.238,0.400,0.313
1997 Yorkcity                           ,Sanchez, Ray                  ,138,0,43,15,12,0,1,5,21,0,0,0,4,0,6,8,1,1,0,0,0,2,2,0,0,0,0,36.5  ,43.9  ,37.1  ,0.312,0.420,0.336
1997 Yorkcity                           ,Sutton, Larry                 ,69,0,20,8,2,0,2,5,12,0,0,0,0,3,6,5,2,0,0,0,2,0,0,0,4,0,4,35.55 ,15    ,37.65 ,0.290,0.406,0.338
1997 Yorkcity                           ,Whiten, Mark                  ,215,0,57,24,11,0,5,30,47,0,0,4,2,3,4,8,3,2,0,0,0,0,0,0,5,0,5,36.5  ,36.4  ,38    ,0.265,0.386,0.365
1997 Yorkcity                           ,Kelly, Pat                    ,120,0,29,10,6,1,2,14,37,0,0,8,1,0,3,9,3,1,0,0,0,2,0,0,0,0,0,31.25 ,19    ,39.95 ,0.242,0.358,0.359
1997 Yorkcity                           ,Davis, Chili                  ,477,0,133,90,20,0,30,85,96,0,0,6,3,3,4,3,2,2,0,0,0,0,0,0,0,0,0,42.9  ,48.25 ,39.75 ,0.279,0.509,0.394
1997 Yorkcity                           ,Curtis, Chad                  ,349,0,99,55,22,1,15,43,59,0,0,12,6,3,3,10,2,1,0,0,0,0,0,0,2,3,2,40.8  ,49.7  ,40.55 ,0.284,0.481,0.381
1997 Yorkcity                           ,Halter, Shane                 ,123,0,34,10,5,1,2,10,28,0,0,4,3,0,4,8,3,1,0,0,0,3,4,3,0,4,0,34.2  ,34.2  ,40.5  ,0.276,0.382,0.350
1997 Yorkcity                           ,Fielder, Cecil                ,361,0,94,61,15,0,13,51,87,0,0,0,0,3,6,3,3,1,0,0,4,0,0,0,0,0,0,37.75 ,44    ,40.9  ,0.260,0.410,0.352
1997 Yorkcity                           ,Boggs, Wade                   ,353,0,103,28,23,1,4,48,38,0,0,0,1,2,6,5,1,0,0,0,0,0,0,3,0,0,0,43.2  ,45.75 ,41    ,0.292,0.397,0.377
1997 Yorkcity                           ,Posada, Jorge                 ,188,0,47,25,12,0,6,30,33,0,0,1,2,3,6,5,3,2,0,3,0,0,0,0,0,0,0,38.25 ,33.5  ,41.8  ,0.250,0.410,0.356
1997 Yorkcity                           ,Myers, Rod                    ,101,0,26,9,7,0,2,17,22,0,0,4,0,2,4,9,2,0,0,0,0,0,0,0,2,3,2,41.6  ,34.2  ,43.6  ,0.257,0.386,0.385
1997 Yorkcity                           ,Martinez, Tino                ,594,0,176,141,31,2,44,75,75,0,0,3,1,3,5,5,3,0,0,0,2,0,0,0,0,0,0,41    ,36.3  ,44.25 ,0.296,0.577,0.378
1997 Yorkcity                           ,Jeter, Derek                  ,654,0,190,70,31,7,10,74,125,0,0,23,12,0,2,10,2,1,0,0,0,0,2,0,0,0,0,41.5  ,42.9  ,44.4  ,0.291,0.405,0.382
1997 Yorkcity                           ,Sojo, Luis                    ,215,0,66,25,6,1,2,16,14,0,0,3,1,0,4,6,1,1,0,0,5,3,3,3,0,0,0,39.75 ,33    ,45    ,0.307,0.372,0.363
1997 Yorkcity                           ,Stanley, Mike                 ,347,0,103,65,25,0,16,54,72,0,0,0,1,3,6,4,3,1,0,4,4,0,0,0,0,0,0,46.2  ,53.75 ,45.1  ,0.297,0.507,0.392
1997 Yorkcity                           ,Williams, Bernie              ,509,0,167,100,73,6,21,73,80,0,0,15,8,3,3,10,2,2,0,0,0,0,0,0,0,1,0,50.75 ,57.35 ,46    ,0.328,0.619,0.427
1997 Yorkcity                           ,Hansen, Jed                   ,94,0,29,14,6,1,1,13,29,0,0,3,2,2,3,7,3,1,0,0,0,3,0,0,0,0,0,47.75 ,53.65 ,46.95 ,0.309,0.426,0.409
1997 Yorkcity                           ,Bell, Jay                     ,573,0,167,92,28,3,21,71,101,0,0,10,6,1,4,6,1,1,0,0,0,0,2,3,0,0,0,42.25 ,35.15 ,48.5  ,0.291,0.461,0.379
1997 Yorkcity                           ,Raines, Tim                   ,271,0,87,38,20,2,4,41,34,0,0,8,5,3,3,8,2,2,0,0,0,0,0,0,3,0,3,51.5  ,53.75 ,49.6  ,0.321,0.454,0.425
1997 Yorkcity                           ,O'Neill, Paul                 ,553,0,179,117,42,0,21,75,92,0,0,10,7,3,4,6,2,0,0,0,4,0,0,0,0,0,0,48.5  ,38.7  ,51.9  ,0.324,0.514,0.414
