Team Name,LastName,FirstName,AB,Runs,Hits,RBI,2B,3B,HR,W,K,RE,SF,SB,CS,Bunting,Stealing,Running,Hit Run,LRS,P,C,1B,2B,SS,3B,LF,CF,RF,ChB,ChL,ChR,AVG,SLG,OBP,Games,HBP,Ch1B,Ch2B,Ch3B,ChHR,ChW,ChDP,Ch1BL,Ch2BL,Ch3BL,ChHRL,ChWL,ChDPL,Ch1BR,Ch2BR,Ch3BR,ChHRR,ChWR,ChDPR,ER1,ER2,ER3,ER4,ER5,ER6,ER7,ER8,ER9,T Rating,Passball,Power Left,Power Right,Outfield Arm,Catcher Arm
SanLouis,Sheaffer,Danny,14,1,3,0,0,0,0,1,0,0,0,0,0,B,E,11,C,R,0,4,0,5,0,3,4,0,4,26.70,23.00,34.90,0.214,0.214,0.267,4,0,0.00,0.00,0.00,0.00,0.00,0.00,0.00,0.00,0.00,0.00,0.00,0.00,0.00,0.00,0.00,0.00,0.00,0.00,0,0,0,0,0,0,0,0,0,0,0,N,N,-6,-4
SanLouis,Gant,Ron,0,0,0,0,0,0,0,0,0,0,0,0,0,D,B,13,D,R,0,0,0,0,0,0,4,0,4,29.50,24.35,33.10,0.000,0.000,0.000,0,0,0.00,0.00,0.00,0.00,0.00,0.00,0.00,0.00,0.00,0.00,0.00,0.00,0.00,0.00,0.00,0.00,0.00,0.00,0,0,0,0,0,0,0,0,0,0,0,N,N,-6,-4
SanLouis,Snow,J.T.,29,6,9,5,3,0,1,3,5,0,0,0,0,D,C,11,C,R,0,0,1,0,0,0,0,0,0,45.50,26.65,49.75,0.310,0.517,0.375,6,0,0.00,0.00,0.00,0.00,0.00,0.00,0.00,0.00,0.00,0.00,0.00,0.00,0.00,0.00,0.00,0.00,0.00,0.00,0,0,0,0,0,0,0,0,0,0,0,N,N,-6,-4
SanLouis,Clayton,Royce,26,2,6,1,2,0,0,0,2,0,0,1,0,C,A,15,C,R,0,0,0,0,2,0,0,0,0,28.50,26.75,31.75,0.231,0.308,0.259,6,0,0.00,0.00,0.00,0.00,0.00,0.00,0.00,0.00,0.00,0.00,0.00,0.00,0.00,0.00,0.00,0.00,0.00,0.00,0,0,0,0,0,0,0,0,0,0,0,N,N,-6,-4
SanLouis,Mabry,John,25,4,7,4,1,1,0,2,6,1,0,0,0,D,E,11,D,L,0,0,3,0,0,5,3,4,3,35.80,27.00,38.90,0.280,0.400,0.357,6,0,0.00,0.00,0.00,0.00,0.00,0.00,0.00,0.00,0.00,0.00,0.00,0.00,0.00,0.00,0.00,0.00,0.00,0.00,0,0,0,0,0,0,0,0,0,0,0,N,N,-6,-4
SanLouis,Johnson,Brian,19,3,8,8,1,0,2,0,1,0,0,0,0,B,E,9,B,R,0,4,4,0,0,0,0,0,0,30.40,28.15,33.55,0.421,0.789,0.421,4,0,0.00,0.00,0.00,0.00,0.00,0.00,0.00,0.00,0.00,0.00,0.00,0.00,0.00,0.00,0.00,0.00,0.00,0.00,0,0,0,0,0,0,0,0,0,0,0,N,N,-6,-4
SanLouis,Kent,Jeff,10,1,3,1,1,0,0,3,3,0,0,0,0,D,B,13,C,R,0,0,3,3,0,0,0,0,0,28.25,30.90,34.35,0.300,0.400,0.462,3,0,0.00,0.00,0.00,0.00,0.00,0.00,0.00,0.00,0.00,0.00,0.00,0.00,0.00,0.00,0.00,0.00,0.00,0.00,0,0,0,0,0,0,0,0,0,0,0,N,N,-6,-4
SanLouis,Hill,Glenallen,0,0,0,0,0,0,0,0,0,0,0,0,0,D,C,13,C,R,0,0,0,0,0,0,0,0,0,27.40,31.00,29.20,0.000,0.000,0.000,0,0,0.00,0.00,0.00,0.00,0.00,0.00,0.00,0.00,0.00,0.00,0.00,0.00,0.00,0.00,0.00,0.00,0.00,0.00,0,0,0,0,0,0,0,0,0,0,0,N,N,-6,-4
SanLouis,Young,Dmitri,0,1,0,0,0,0,0,0,0,0,0,0,0,D,C,12,B,R,0,0,4,0,0,0,4,0,4,34.45,32.25,34.75,0.000,0.000,0.000,1,0,0.00,0.00,0.00,0.00,0.00,0.00,0.00,0.00,0.00,0.00,0.00,0.00,0.00,0.00,0.00,0.00,0.00,0.00,0,0,0,0,0,0,0,0,0,0,0,N,N,-6,-4
SanLouis,Lampkin,Tom,5,0,0,0,0,0,0,0,1,0,0,0,0,C,D,10,C,L,0,3,0,0,0,0,0,0,0,31.10,32.30,33.15,0.000,0.000,0.000,1,0,0.00,0.00,0.00,0.00,0.00,0.00,0.00,0.00,0.00,0.00,0.00,0.00,0.00,0.00,0.00,0.00,0.00,0.00,0,0,0,0,0,0,0,0,0,0,0,N,N,-6,-4
SanLouis,Hamilton,Darryl,9,1,1,1,1,0,0,0,3,0,0,0,0,B,B,16,C,L,0,0,0,0,0,0,0,2,0,40.30,32.30,40.60,0.111,0.222,0.111,2,0,0.00,0.00,0.00,0.00,0.00,0.00,0.00,0.00,0.00,0.00,0.00,0.00,0.00,0.00,0.00,0.00,0.00,0.00,0,0,0,0,0,0,0,0,0,0,0,N,N,-6,-4
SanLouis,Benard,Marvin,0,0,0,0,0,0,0,0,0,0,0,0,0,C,C,15,D,L,0,0,0,0,0,0,3,3,3,30.20,33.50,31.40,0.000,0.000,0.000,0,0,0.00,0.00,0.00,0.00,0.00,0.00,0.00,0.00,0.00,0.00,0.00,0.00,0.00,0.00,0.00,0.00,0.00,0.00,0,0,0,0,0,0,0,0,0,0,0,N,N,-6,-4
SanLouis,McGee,Willie,0,0,0,0,0,0,0,0,0,0,0,0,0,D,B,14,C,R,0,0,0,0,0,0,3,3,3,37.50,34.00,38.25,0.000,0.000,0.000,0,0,0.00,0.00,0.00,0.00,0.00,0.00,0.00,0.00,0.00,0.00,0.00,0.00,0.00,0.00,0.00,0.00,0.00,0.00,0,0,0,0,0,0,0,0,0,0,0,N,N,-6,-4
SanLouis,Vizcaino,Jose,5,0,2,1,0,0,0,0,0,0,0,0,0,A,C,13,B,R,0,0,0,2,2,0,0,0,0,33.00,34.20,31.40,0.400,0.400,0.400,1,0,0.00,0.00,0.00,0.00,0.00,0.00,0.00,0.00,0.00,0.00,0.00,0.00,0.00,0.00,0.00,0.00,0.00,0.00,0,0,0,0,0,0,0,0,0,0,0,N,N,-6,-4
SanLouis,Lewis,Mark,0,0,0,0,0,0,0,0,0,0,0,0,0,D,D,11,D,R,0,0,0,4,0,4,0,0,0,30.30,36.50,30.50,0.000,0.000,0.000,0,0,0.00,0.00,0.00,0.00,0.00,0.00,0.00,0.00,0.00,0.00,0.00,0.00,0.00,0.00,0.00,0.00,0.00,0.00,0,0,0,0,0,0,0,0,0,0,0,N,N,-6,-4
SanLouis,Javier,Stan,23,4,8,8,1,0,0,2,2,0,0,2,1,C,A,15,C,R,0,0,4,0,0,0,2,3,2,42.75,37.80,44.90,0.348,0.391,0.444,5,0,0.00,0.00,0.00,0.00,0.00,0.00,0.00,0.00,0.00,0.00,0.00,0.00,0.00,0.00,0.00,0.00,0.00,0.00,0,0,0,0,0,0,0,0,0,0,0,N,N,-6,-4
SanLouis,Aurilia,Rich,8,1,1,1,0,0,1,0,0,1,0,0,0,C,E,13,B,R,0,0,0,0,3,0,0,0,0,34.20,38.20,32.10,0.125,0.500,0.222,2,0,0.00,0.00,0.00,0.00,0.00,0.00,0.00,0.00,0.00,0.00,0.00,0.00,0.00,0.00,0.00,0.00,0.00,0.00,0,0,0,0,0,0,0,0,0,0,0,N,N,-6,-4
SanLouis,DeShields,Delino,25,3,10,5,1,1,0,1,1,0,0,2,0,A,AA,17,C,L,0,0,0,3,0,0,0,0,0,40.20,39.40,39.60,0.400,0.520,0.464,6,0,0.00,0.00,0.00,0.00,0.00,0.00,0.00,0.00,0.00,0.00,0.00,0.00,0.00,0.00,0.00,0.00,0.00,0.00,0,0,0,0,0,0,0,0,0,0,0,N,N,-6,-4
SanLouis,Gaetti,Gary,4,1,1,1,0,0,0,1,0,0,0,0,0,C,C,10,C,R,0,0,4,0,0,2,0,0,0,27.70,39.70,28.60,0.250,0.250,0.400,1,0,0.00,0.00,0.00,0.00,0.00,0.00,0.00,0.00,0.00,0.00,0.00,0.00,0.00,0.00,0.00,0.00,0.00,0.00,0,0,0,0,0,0,0,0,0,0,0,N,N,-6,-4
SanLouis,Jordan,Brian,6,0,0,0,0,0,0,0,1,0,0,0,0,D,B,13,C,R,0,0,0,0,0,0,0,3,0,23.50,39.75,28.80,0.000,0.000,0.000,1,0,0.00,0.00,0.00,0.00,0.00,0.00,0.00,0.00,0.00,0.00,0.00,0.00,0.00,0.00,0.00,0.00,0.00,0.00,0,0,0,0,0,0,0,0,0,0,0,N,N,-6,-4
SanLouis,Powell,Dante,30,7,12,2,1,0,1,7,6,0,0,1,1,C,D,16,D,R,0,0,0,0,0,0,0,3,0,44.25,41.85,48.00,0.400,0.533,0.526,7,0,0.00,0.00,0.00,0.00,0.00,0.00,0.00,0.00,0.00,0.00,0.00,0.00,0.00,0.00,0.00,0.00,0.00,0.00,0,0,0,0,0,0,0,0,0,0,0,N,N,-6,-4
SanLouis,Lankford,Ray,29,4,6,4,1,0,0,7,13,0,0,2,1,D,A,15,C,L,0,0,0,0,0,0,0,2,0,51.00,42.60,52.40,0.207,0.241,0.395,7,0,0.00,0.00,0.00,0.00,0.00,0.00,0.00,0.00,0.00,0.00,0.00,0.00,0.00,0.00,0.00,0.00,0.00,0.00,0,0,0,0,0,0,0,0,0,0,0,N,N,-6,-4
SanLouis,Mueller,Bill,26,5,8,2,2,1,0,6,5,0,0,0,0,B,C,14,C,R,0,0,0,0,0,2,0,0,0,43.25,43.65,42.75,0.308,0.462,0.438,7,0,0.00,0.00,0.00,0.00,0.00,0.00,0.00,0.00,0.00,0.00,0.00,0.00,0.00,0.00,0.00,0.00,0.00,0.00,0,0,0,0,0,0,0,0,0,0,0,N,N,-6,-4
SanLouis,McGwire,Mark,27,11,10,6,3,0,3,8,9,3,0,0,0,D,D,8,D,R,0,0,2,0,0,0,0,0,0,44.05,53.05,46.10,0.370,0.815,0.553,7,0,0.00,0.00,0.00,0.00,0.00,0.00,0.00,0.00,0.00,0.00,0.00,0.00,0.00,0.00,0.00,0.00,0.00,0.00,0,0,0,0,0,0,0,0,0,0,0,N,N,-6,-4
SanLouis,Bonds,Barry,19,5,6,5,1,0,2,4,2,0,0,1,0,D,AA,17,C,L,0,0,0,0,0,0,1,0,1,53.10,54.65,53.45,0.316,0.684,0.435,5,0,0.00,0.00,0.00,0.00,0.00,0.00,0.00,0.00,0.00,0.00,0.00,0.00,0.00,0.00,0.00,0.00,0.00,0.00,0,0,0,0,0,0,0,0,0,0,0,N,N,-6,-4
