Team Name,Batter Name,,AB,Runs,Hits,RBI,2B,3B,HR,W,K,RE,SF,SB,CS,Bunting,Stealing,Running,Hit Run,LRS,P,C,1B,2B,SS,3B,LF,CF,RF,ChB,ChL,ChR,AVG,SLG,OBP,Games,HBP
1997 Cleonto                            ,Branson, Jeff                 ,22,2,7,3,0,0,0,0,3,0,0,0,0,3,6,6,3,0,0,0,0,3,3,2,0,0,0,34.2  ,18.6  ,36.7  ,0.318,0.318,0.318,5,0
1997 Cleonto                            ,Duncan, Mariano               ,0,0,0,0,0,0,0,0,0,0,0,0,0,3,4,8,2,1,0,0,0,4,0,0,4,0,4,20.8  ,20.4  ,24.15 ,0.000,0.000,0.000,0,0
1997 Cleonto                            ,Mitchell, Kevin               ,4,1,1,0,0,0,0,1,0,0,0,0,0,3,5,3,2,1,0,0,0,0,0,0,5,0,5,24.1  ,22.7  ,28.7  ,0.250,0.250,0.400,1,0
1997 Cleonto                            ,Vizquel, Omar                 ,22,7,7,5,1,0,1,4,3,1,0,1,0,0,1,12,1,2,0,0,0,0,1,0,0,0,0,37.3  ,30    ,39.6  ,0.318,0.500,0.464,6,0
1997 Cleonto                            ,Merced, Orlando               ,22,7,11,5,2,0,1,3,4,0,0,0,0,3,4,7,1,0,0,0,3,0,0,0,0,0,0,38.25 ,30.65 ,41.9  ,0.500,0.727,0.560,5,0
1997 Cleonto                            ,Grissom, Marquis              ,0,0,0,0,0,0,0,0,0,0,0,0,0,1,3,12,2,1,0,0,0,0,0,0,0,1,0,30.7  ,31.4  ,33.5  ,0.000,0.000,0.000,0,0
1997 Cleonto                            ,Williams, Matt                ,0,0,0,0,0,0,0,0,0,0,0,0,0,3,3,6,3,1,0,0,0,0,0,0,0,0,0,27.2  ,31.8  ,30.6  ,0.000,0.000,0.000,0,0
1997 Cleonto                            ,Gonzalez, Alex                ,18,4,4,3,0,0,2,2,3,0,0,3,0,0,3,8,3,1,0,0,0,0,2,0,0,0,0,26    ,32.8  ,27.7  ,0.222,0.556,0.391,5,0
1997 Cleonto                            ,Cruz Jr.,Jose                 ,0,0,0,0,0,0,0,0,0,0,0,0,0,2,4,8,2,2,0,0,0,0,0,0,4,5,4,30.8  ,33.7  ,28.65 ,0.000,0.000,0.000,0,0
1997 Cleonto                            ,Sprague, Ed                   ,0,0,0,0,0,0,0,0,0,0,0,0,0,3,6,5,3,1,0,0,0,0,0,3,0,0,0,27.6  ,34.9  ,28.6  ,0.000,0.000,0.000,0,0
1997 Cleonto                            ,Delgado, Carlos               ,6,0,1,0,1,0,0,1,1,0,0,0,0,3,6,5,3,0,0,0,4,0,0,0,0,0,0,34.5  ,35.1  ,36.3  ,0.167,0.333,0.286,2,0
1997 Cleonto                            ,Green, Shawn                  ,16,3,5,0,1,0,0,0,6,0,0,3,1,3,3,8,3,0,0,0,0,0,0,0,4,0,4,35.6  ,36.2  ,28.3  ,0.313,0.375,0.421,4,0
1997 Cleonto                            ,Borders, Pat                  ,21,0,6,5,2,0,0,1,3,0,0,0,0,3,6,4,2,1,0,3,0,0,0,0,0,0,0,34.75 ,38.55 ,37.95 ,0.286,0.381,0.318,6,0
1997 Cleonto                            ,Seitzer, Kevin                ,16,1,3,2,1,0,0,2,2,0,0,0,0,2,6,3,1,1,0,0,5,0,0,5,0,0,0,34.2  ,39.2  ,31.05 ,0.188,0.250,0.278,5,0
1997 Cleonto                            ,Samuel, Juan                  ,24,1,5,4,2,2,0,1,7,0,0,0,0,3,3,9,3,1,0,0,4,4,0,4,0,0,0,38.7  ,39.7  ,47.9  ,0.208,0.458,0.240,6,0
1997 Cleonto                            ,Roberts, Bip                  ,40,3,10,1,1,0,0,1,9,1,0,3,0,3,2,10,2,2,0,0,0,5,0,4,4,4,4,36.5  ,40.6  ,36    ,0.250,0.275,0.333,10,0
1997 Cleonto                            ,O'Brien, Charlie              ,7,0,2,0,1,0,0,1,0,0,0,0,0,2,6,3,3,1,0,2,0,0,0,0,0,0,0,24.1  ,40.95 ,28.85 ,0.286,0.429,0.375,2,0
1997 Cleonto                            ,Giles, Brian S.               ,25,6,10,5,0,1,2,6,3,0,0,3,0,2,3,8,3,0,0,0,0,0,0,0,3,3,3,48.2  ,41.9  ,42.8  ,0.400,0.720,0.559,7,0
1997 Cleonto                            ,Alomar, Sandy                 ,43,5,11,8,1,0,3,1,4,0,0,0,0,0,6,5,1,1,0,1,0,0,0,0,0,0,0,38.9  ,42.8  ,39.85 ,0.256,0.488,0.273,10,0
1997 Cleonto                            ,Thome, Jim                    ,7,4,5,4,0,0,2,3,0,0,0,0,0,3,6,5,3,0,0,0,3,0,0,0,0,0,0,52.9  ,42.8  ,55.8  ,0.714,1.571,0.800,3,0
1997 Cleonto                            ,Justice, David                ,38,7,12,7,2,0,3,2,15,0,0,0,0,3,5,5,2,0,0,0,0,0,0,0,4,0,4,51.75 ,46.85 ,52.8  ,0.316,0.605,0.350,9,0
1997 Cleonto                            ,Fernandez, Tony               ,5,1,1,0,0,0,0,0,2,0,0,0,0,0,4,8,2,2,0,0,0,2,3,0,0,0,0,32.75 ,53.8  ,23.35 ,0.200,0.200,0.200,1,0
1997 Cleonto                            ,Evans, Tom                    ,34,10,12,7,1,0,2,3,3,0,0,0,0,3,6,6,3,1,0,0,0,0,0,3,0,0,0,33.25 ,54.75 ,37.05 ,0.353,0.559,0.405,8,0
1997 Cleonto                            ,Ramirez, Manny                ,25,3,6,4,0,0,1,4,4,2,0,0,0,3,6,5,3,1,0,0,0,0,0,0,0,0,0,50.75 ,55.1  ,53.4  ,0.240,0.360,0.387,6,0
1997 Cleonto                            ,Stewart, Shannon              ,33,6,6,4,1,2,0,5,8,1,0,3,1,3,2,12,2,1,0,0,0,0,0,0,2,2,2,39.7  ,55.75 ,40.5  ,0.182,0.333,0.357,9,0
